Results for Figure 1:
	lose-lose	inverted	bad	good	win-win
rew	0.088167	0.079333	0.149667	0.278667	0.404167
dir	0.189000	0.115167	0.170667	0.262000	0.263167
meta1	0.323167	0.381000	0.104667	0.079667	0.111500
adv	0.266000	0.327333	0.105833	0.153667	0.147167
pr	0.160500	0.154500	0.187833	0.330667	0.166500
eop	0.107333	0.091833	0.229167	0.364500	0.207167
ceo1	0.170167	0.190667	0.178167	0.227833	0.233167
roc1	0.426000	0.425667	0.053500	0.029500	0.065333
fairsmote	0.183833	0.244500	0.152833	0.199167	0.219667
maat	0.065833	0.052500	0.182333	0.389333	0.310000
fairmask	0.064667	0.063667	0.158833	0.347000	0.365833
