Results for Table 9:
	accuracy_single_abso	accuracy_single_rela	accuracy_multi_abso	accuracy_multi_rela	precision_single_abso	precision_single_rela	precision_multi_abso	precision_multi_rela	recall_single_abso	recall_single_rela	recall_multi_abso	recall_multi_rela	f1score_single_abso	f1score_single_rela	f1score_multi_abso	f1score_multi_rela	mcc_single_abso	mcc_single_rela	mcc_multi_abso	mcc_multi_rela
rw	-0.001408	-0.001297	-0.001846	-0.001795	0.001189	-0.086669	0.001759	-0.113603	-0.002620	0.088100	-0.003699	0.137374	-0.002182	0.001611	-0.002898	0.002146	-0.002983	0.000868	-0.005421	0.001504
dir	-0.004261	-0.007574	-0.005257	-0.009198	-0.002488	-0.107402	-0.002953	-0.140574	-0.009986	0.080848	-0.015207	0.125861	-0.012919	-0.023709	-0.019515	-0.036040	-0.018293	-0.035802	-0.047716	-0.095289
meta	-0.062650	-0.078732	-0.074354	-0.094259	-0.064130	-0.038653	-0.082760	-0.050290	0.056237	0.009294	0.087597	0.016292	-0.000415	-0.011189	0.002685	-0.013653	0.001023	-0.020213	0.017560	-0.037940
adv	0.001688	-0.000150	0.002604	0.000422	0.004817	-0.090951	0.007215	-0.118557	0.004543	0.092391	0.008656	0.143747	0.007105	0.000371	0.012803	0.003206	0.009925	0.000507	0.039300	0.017618
pr	-0.003198	-0.013623	-0.003612	-0.016184	0.012391	-0.147187	0.017368	-0.191758	-0.021324	0.121697	-0.031885	0.187000	-0.023446	-0.074418	-0.033754	-0.104470	-0.023242	-0.085185	-0.051599	-0.184883
eop	-0.013138	-0.012295	-0.017307	-0.015912	-0.018255	-0.103050	-0.024306	-0.135586	-0.018255	0.072422	-0.026578	0.113489	-0.019723	-0.015250	-0.027805	-0.021071	-0.037382	-0.030434	-0.090873	-0.070956
ceo	-0.010288	-0.005162	-0.013241	-0.006391	-0.007652	-0.103090	-0.010179	-0.134986	-0.027301	0.081083	-0.040116	0.126546	-0.032653	-0.015785	-0.046339	-0.021747	-0.045450	-0.023425	-0.105498	-0.050825
roc	-0.056385	-0.050540	-0.067458	-0.061015	-0.068581	-0.031670	-0.089876	-0.041566	0.060470	0.023401	0.094200	0.038220	0.007379	0.009759	0.013360	0.016975	0.003951	0.004202	0.019495	0.020214
fairsmote	-0.044370	-0.044389	-0.053597	-0.053719	-0.060519	-0.042462	-0.079111	-0.055908	0.050813	0.028361	0.078969	0.044664	0.011139	0.008996	0.017909	0.014802	0.000737	-0.003604	0.005344	-0.005353
maat	-0.000484	-0.003080	-0.000606	-0.003807	0.009374	-0.108934	0.012424	-0.143101	-0.008806	0.094817	-0.012582	0.146763	-0.007270	-0.020713	-0.009683	-0.029438	-0.005185	-0.022501	-0.008721	-0.053657
fairmask	-0.001207	-0.002692	-0.001638	-0.003529	-0.000030	-0.090318	0.000262	-0.118529	0.000761	0.084879	0.001395	0.132730	0.001062	-0.001683	0.001903	-0.001942	0.000497	-0.004945	0.003575	-0.009302
