Results for Figure 2(a):
Results for datasets----------------------------
	adult	compas	default	mep1	mep2
rw	0.750000	1.000000	0.833333	1.000000	0.916667
dir	1.000000	0.750000	0.000000	0.833333	0.833333
meta	0.333333	0.750000	0.000000	0.166667	0.166667
adv	1.000000	0.000000	0.083333	0.333333	0.416667
pr	1.000000	0.666667	0.250000	1.000000	0.833333
eop	1.000000	1.000000	0.750000	0.750000	0.750000
ceo	1.000000	0.000000	0.416667	0.916667	0.750000
roc	0.083333	0.000000	0.083333	0.000000	0.166667
fairsmote	0.583333	1.000000	0.833333	0.250000	0.166667
maat	1.000000	0.916667	1.000000	1.000000	1.000000
fairmask	1.000000	1.000000	0.750000	1.000000	0.916667

Results for models----------------------------
	lr	rf	svm	dl
rw	1.000000	0.800000	1.000000	0.800000
dir	0.800000	0.466667	0.666667	0.800000
meta	0.400000	0.066667	0.266667	0.400000
adv	0.400000	0.333333	0.333333	0.400000
pr	0.866667	0.533333	0.800000	0.800000
eop	1.000000	0.600000	0.800000	1.000000
ceo	0.800000	0.333333	0.600000	0.733333
roc	0.066667	0.000000	0.000000	0.200000
fairsmote	0.866667	0.400000	0.466667	0.533333
maat	1.000000	1.000000	1.000000	0.933333
fairmask	1.000000	0.733333	1.000000	1.000000

Results for metrics----------------------------
	spd	aod	eod
rw	0.950000	0.900000	0.850000
dir	0.750000	0.650000	0.650000
meta	0.150000	0.150000	0.550000
adv	0.650000	0.250000	0.200000
pr	0.900000	0.650000	0.700000
eop	0.850000	0.850000	0.850000
ceo	0.600000	0.650000	0.600000
roc	0.000000	0.000000	0.200000
fairsmote	0.400000	0.600000	0.700000
maat	1.000000	0.950000	1.000000
fairmask	0.950000	0.950000	0.900000


Results for Figure 2(b):
Results for datasets----------------------------
	adult	compas	default	mep1	mep2
adv	0.717500	0.087500	0.039167	0.314167	0.345833
meta	0.123333	0.581667	0.000000	0.098333	0.152500
pr	0.720000	0.390000	0.099167	0.655000	0.621667
rw	0.600000	0.940000	0.600833	0.552500	0.720833
dir	0.745833	0.578333	0.126667	0.535000	0.640000
eop	0.619167	0.789167	0.435000	0.434167	0.580833
ceo	0.577500	0.100833	0.493333	0.494167	0.639167
roc	0.049167	0.024167	0.116667	0.109167	0.175000
fairsmote	0.365000	0.921667	0.398333	0.196667	0.212500
fairmask	0.807500	0.914167	0.485833	0.626667	0.730000
maat	0.762500	0.830000	0.646667	0.590833	0.666667

Results for models----------------------------
	rf	lr	svm	dl
adv	0.234667	0.353333	0.260667	0.354667
meta	0.067333	0.262667	0.188667	0.246000
pr	0.386667	0.588667	0.460000	0.553333
rw	0.609333	0.787333	0.724667	0.610000
dir	0.480000	0.507333	0.496000	0.617333
eop	0.582000	0.611333	0.518667	0.574667
ceo	0.457333	0.498667	0.387333	0.500667
roc	0.126000	0.053333	0.018667	0.181333
fairsmote	0.392000	0.543333	0.404000	0.336000
fairmask	0.634667	0.769333	0.704667	0.742667
maat	0.717333	0.792667	0.727333	0.560000

Results for measurements----------------------------
	SPD-Accuracy	SPD-Precision	SPD-Recall	SPD-F1	SPD-MCC	AOD-Accuracy	AOD-Precision	AOD-Recall	AOD-F1	AOD-MCC	EOD-Accuracy	EOD-Precision	EOD-Recall	EOD-F1	EOD-MCC
adv	0.555000	0.012500	0.625000	0.597500	0.592500	0.247500	0.012500	0.310000	0.265000	0.265000	0.237500	0.007500	0.285000	0.250000	0.250000
meta	0.105000	0.070000	0.117500	0.095000	0.102500	0.107500	0.090000	0.220000	0.150000	0.180000	0.170000	0.182500	0.462500	0.397500	0.417500
pr	0.685000	0.055000	0.772500	0.697500	0.705000	0.542500	0.062500	0.632500	0.505000	0.560000	0.510000	0.097500	0.632500	0.465000	0.535000
rw	0.762500	0.195000	0.870000	0.850000	0.842500	0.775000	0.212500	0.827500	0.812500	0.810000	0.742500	0.205000	0.795000	0.772500	0.770000
dir	0.595000	0.072500	0.755000	0.697500	0.690000	0.560000	0.097500	0.660000	0.612500	0.607500	0.565000	0.105000	0.662500	0.600000	0.597500
eop	0.590000	0.095000	0.855000	0.815000	0.772500	0.575000	0.107500	0.770000	0.717500	0.655000	0.537500	0.090000	0.727500	0.657500	0.610000
ceo	0.527500	0.030000	0.685000	0.645000	0.607500	0.500000	0.030000	0.615000	0.532500	0.527500	0.500000	0.060000	0.612500	0.522500	0.520000
roc	0.017500	0.012500	0.037500	0.037500	0.035000	0.027500	0.025000	0.095000	0.092500	0.095000	0.045000	0.087500	0.287500	0.265000	0.262500
fairsmote	0.215000	0.182500	0.412500	0.397500	0.362500	0.272500	0.190000	0.600000	0.590000	0.575000	0.272500	0.197500	0.685000	0.675000	0.655000
fairmask	0.810000	0.172500	0.900000	0.877500	0.867500	0.815000	0.192500	0.867500	0.855000	0.852500	0.800000	0.192500	0.835000	0.832500	0.822500
maat	0.832500	0.175000	0.917500	0.857500	0.880000	0.805000	0.180000	0.867500	0.797500	0.817500	0.780000	0.185000	0.842500	0.772500	0.780000
